# made using the contents of diffcal-calib.yaml
/**:
  ros__parameters:

    sensors:
      imu:
        topic:       "/alphasense_driver_ros/imu"

        rate: 400.
        timeshift: 0.
        accelerometer_noise_sigma:            0.001693366453401134
        accelerometer_bias_random_walk_sigma: 0.0002281876683640465
        gyroscope_noise_sigma:                0.00036788529273635174
        gyroscope_bias_random_walk_sigma:     3.982626125401514e-06
        W_g: [0., 0., -9.808083883386614]

      lidar:
        B_r_BL: [0.000000000, 0.000000000, 0.046400000]
        B_q_BL: [0.000000000, 0.000000000, 0.707106781, 0.707106781]

        model:  "HESAI_XT32"
        topic: "/hesai/pandar"
        rate: 10.
        raw: false
        timeshift: 0.

      cam_left: # left
        C_r_CL: [0.0041111747997991605, -0.06970994586068714, -0.052686957542155056]
        C_q_CL: [0.5010192868641308, -0.49800130078309873, 0.5015367526763691, 0.49943494503623015]

        image_width: 1440
        image_height: 1080

        fisheye: # from calib_cam0.yaml
          topic: "/alphasense_driver_ros/cam0/color/image"
          K: [699.7421774233343, 0.0, 726.7497949349411, 0.0, 697.9813195762492, 528.0152400263637,    0.0, 0.0, 1.0]
          D: [-0.04537251780812888, 0.004936298399917358, -0.004261798343363731, 0.001005713002414591]

      cam_front: # front
        C_r_CL: [-0.002294059770079321, -0.06929399536855792, -0.051473176454651985]
        C_q_CL: [-0.0017796584975820957, 0.7078303150500245, -0.7063732132811898, -0.003156179751153821]

        image_width: 1440
        image_height: 1080


        fisheye: # from calib_cam1.yaml
          topic: "/alphasense_driver_ros/cam1/color/image"
          K: [694.3433085261718, 0.0, 725.7310373225646, 0.0, 693.9054673666441, 553.0848137590053, 0.0, 0.0, 1.0]
          D: [-0.018056919752710683, -0.053682208180522765, 0.05146984198387478, -0.017600047910824135]

        C_r_CI: [-0.005549071481164829, 0.00159999469907867, -0.07135101468001726 ]
        C_q_CI: [0.0029234870669001527, 0.7089333561553057, -0.7052583565229201, 0.003949722564143863 ]

      cam_right: # right
        C_r_CL: [-0.004226279785254639, -0.06881398917742255, -0.05730062942668245]
        C_q_CL: [-0.4976450803456589, -0.5013434954644135, 0.5029577676869699, -0.49803369111599893]

        image_width: 1440
        image_height: 1080

        fisheye: # calib_cam2.yaml
          topic: "/alphasense_driver_ros/cam2/color/image"
          K: [699.266124003305, 0.0, 728.5608551647998, 0.0, 697.8696040512115, 537.8906507092798, 0.0, 0.0, 1.0]
          D: [-0.07672551130974621, 0.10791571065783058, -0.12280734582631546, 0.046552799880842724]

