/**:
  ros__parameters:

    sensors:
      imu:
        topic:       "/alphasense_driver_ros/imu"

        rate: 400.
        timeshift: 0.
        accelerometer_noise_sigma:            0.001693366453401134
        accelerometer_bias_random_walk_sigma: 0.0002281876683640465
        gyroscope_noise_sigma:                0.00036788529273635174
        gyroscope_bias_random_walk_sigma:     3.982626125401514e-06
        W_g: [0., 0., -9.808083883386614]

      lidar:
        B_r_BL: [0.000000000, 0.000000000, 0.046400000]
        B_q_BL: [0.000000000, 0.000000000, 0.707106781, 0.707106781]

        model:  "HESAI_XT32"
        topic: "/hesai/pandar"
        rate: 10.
        raw: false
        timeshift: 0.

      cam_front: # front
        C_r_CL: [0.0006526528066044758, -0.06412416232481917, -0.05440672455640246]
        C_q_CL: [0.5020913996819676, -0.4997772686233636, 0.4982578459927659, 0.49986600908585715]
    
        image_width: 1440
        image_height: 1080

        fisheye: 
          topic: "/alphasense_driver_ros/cam0/color/image"
          K: [693.8931819536299, 0.0, 719.5678383280781, 0.0, 693.3960166938975, 533.9184276168319, 0.0, 0.0, 1.0]
          D: [-0.034667028786087725, -0.009993227670641681, 0.007205558833794907, -0.0024186626760043578]
          
        C_r_CI: [-0.006000000, -0.003000000, -0.070280000]
        C_q_CI: [-0.000000000, -0.707106781, 0.707106781, -0.000000000]

      cam_left: # left
        C_r_CL: [-0.001333981483516794, -0.06452315759360178, -0.05369202847059234]
        C_q_CL: [0.00042800392520335695, -0.706769072818761, 0.7074366288903057, 0.0032727089496135046]
        
        image_width: 1440
        image_height: 1080

        fisheye:
          topic: "/alphasense_driver_ros/cam1/color/image"
          K: [694.7896654210638, 0.0, 724.5994250124885, 0.0, 694.012912596752, 533.9973373798589, 0.0, 0.0, 1.0]
          D: [-0.03967365600890124, -0.0022091653738862643, 0.000693489744587459, -0.000436436248026843]

      cam_right: # right
        C_r_CL: [-0.0017677010934538655, -0.06433877891764837, -0.05580491205173638]
        C_q_CL: [0.5009084785490057, 0.5015046712681567, -0.5005968578198146, 0.4969774107088437]
        
        image_width: 1440
        image_height: 1080

        fisheye:
          topic: "/alphasense_driver_ros/cam2/color/image"
          K: [693.278252218585, 0.0, 734.4227661171273, 0.0, 693.1271607846542, 531.8167551960729, 0.0, 0.0, 1.0]
          D: [-0.040319225254883004, 0.0011693766006776866, -0.00271347523321987, 0.0006471946770560492] 

